1.68 
1.63 
0.97 
1.41 
0.09 
1.57 
3.83 
2.34 
1.44 
7.33 
2.18 
2.36 
0.82 
1.59 
2.23 
2.40 
4.45 
3.15 
6.43 
1.92 
0.45 
0.60 
3.53 
0.18 
1.17 
4.10 
1.79 
0.91 
0.31 
1.46 
0.16 
3.26 
1.55 
1.79 
1.61 
0.23 
3.09 
3.59 
1.08 
3.94 
1.41 
1.37 
1.68 
0.69 
1.41 
0.64 
0.78 
0.82 
0.67 
0.07 
4.54 
1.15 
1.19 
0.18 
3.55 
1.52 
2.43 
5.86 
4.47 
0.42 
0.91 
1.83 
3.04 
0.69 
0.93 
5.88 
0.78 
0.84 
2.38 
0.91 
2.05 
0.80 
1.99 
0.07 
0.20 
2.16 
0.51 
0.93 
2.40 
3.35 
1.61 
1.11 
4.71 
0.64 
6.89 
0.09 
0.36 
0.71 
5.07 
0.64 
0.03 
1.11 
0.03 
0.60 
5.62 
1.11 
0.53 
2.12 
0.82 
0.62 
0.69 
0.82 
1.39 
0.53 
0.27 
1.28 
1.66 
3.00 
2.65 
0.47 
1.61 
3.06 
3.28 
0.71 
1.13 
2.87 
2.93 
0.71 
1.57 
1.96 
0.75 
0.34 
0.60 
0.80 
2.78 
1.30 
0.05 
0.29 
4.43 
4.05 
1.61 
1.88 
0.82 
0.69 
0.07 
0.18 
0.62 
1.08 
3.28 
0.73 
1.99 
0.29 
2.34 
4.74 
0.56 
1.68 
5.02 
1.33 
0.20 
0.53 
3.26 
2.27 
1.72 
0.16 
0.20 
0.67 
2.84 
5.11 
1.74 
1.55 
0.71 
1.22 
1.37 
0.62 
3.17 
4.43 
1.68 
2.18 
0.58 
2.18 
5.09 
0.95 
0.86 
2.03 
1.11 
1.92 
0.20 
1.13 
0.49 
1.11 
3.81 
0.49 
0.45 
0.34 
1.35 
4.56 
0.29 
0.86 
0.16 
2.71 
1.68 
3.99 
5.51 
0.25 
2.60 
0.78 
1.33 
1.26 
2.29 
5.04 
5.24 
1.19 
0.71 
0.16 
1.52 
0.60 
3.79 
1.72 
6.21 
0.01 
2.56 
0.91 
0.34 
0.18 
1.37 
0.53 
2.16 
0.18 
0.34 
3.02 
2.95 
1.55 
0.23 
1.66 
2.76 
1.04 
0.73 
2.45 
0.27 
2.62 
1.63 
0.42 
1.81 
2.95 
1.52 
4.03 
0.38 
1.77 
1.02 
0.53 
0.84 
0.67 
0.67 
6.10 
0.40 
2.32 
2.07 
0.38 
2.58 
0.84 
2.36 
2.95 
1.11 
1.57 
2.01 
0.29 
0.25 
2.14 
1.37 
0.49 
1.35 
4.12 
3.00 
0.01 
3.70 
2.12 
0.09 
0.12 
0.42 
0.89 
0.47 
2.67 
1.46 
1.79 
0.36 
1.77 
0.16 
3.04 
1.55 
0.91 
6.45 
0.16 
0.16 
0.25 
2.60 
1.19 
0.69 
0.78 
2.51 
0.23 
0.34 
0.20 
0.67 
0.18 
3.48 
0.93 
0.42 
2.05 
0.64 
5.09 
4.19 
0.71 
2.21 
1.30 
4.16 
0.73 
1.83 
1.57 
5.04 
0.03 
1.08 
0.01 
0.84 
6.94 
5.92 
0.23 
2.40 
0.93 
2.56 
0.69 
0.20 
1.94 
0.01 
6.67 
1.24 
0.42 
0.12 
0.40 
0.71 
0.71 
0.20 
1.57 
1.57 
1.13 
4.63 
0.64 
2.49 
0.20 
2.58 
0.29 
0.47 
0.73 
3.00 
2.38 
1.90 
6.67 
0.18 
5.92 
0.47 
2.71 
1.85 
0.03 
5.51 
0.31 
3.09 
3.11 
0.18 
4.16 
6.87 
0.73 
0.84 
1.88 
4.25 
0.42 
0.23 
2.07 
0.29 
1.15 
2.67 
0.38 
0.31 
0.18 
0.23 
0.01 
7.71 
1.06 
5.04 
0.69 
2.80 
0.45 
3.61 
2.69 
1.90 
0.42 
0.67 
2.34 
0.78 
1.63 
3.94 
1.15 
0.12 
0.20 
0.89 
1.99 
0.12 
0.05 
2.84 
0.01 
0.49 
1.39 
0.14 
5.13 
0.16 
2.87 
0.49 
6.96 
1.15 
0.07 
1.83 
1.13 
0.18 
0.09 
0.86 
1.94 
0.60 
0.71 
1.61 
0.86 
1.88 
0.23 
1.68 
0.16 
2.38 
1.33 
3.15 
0.01 
0.95 
1.11 
2.32 
4.60 
2.10 
0.40 
0.40 
0.36 
0.62 
2.65 
0.03 
1.37 
1.15 
1.77 
0.25 
0.67 
1.44 
1.15 
2.71 
0.84 
1.19 
0.86 
0.23 
1.30 
0.03 
2.10 
1.11 
1.46 
1.55 
1.11 
4.89 
0.27 
0.05 
0.42 
5.18 
1.79 
0.18 
2.67 
2.14 
1.90 
0.93 
2.10 
2.45 
1.06 
3.15 
2.10 
0.36 
4.74 
0.42 
2.65 
0.69 
1.30 
2.03 
2.54 
0.75 
4.80 
1.33 
1.41 
0.16 
3.94 
1.99 
0.97 
4.27 
1.15 
0.01 
2.47 
3.35 
0.53 
0.14 
5.77 
0.16 
1.33 
1.57 
6.43 
1.13 
0.45 
1.92 
0.80 
0.45 
0.84 
1.13 
4.34 
1.74 
2.54 
4.85 
4.74 
2.65 
7.46 
4.03 
0.18 
2.14 
1.92 
3.37 
2.32 
5.35 
0.51 
2.05 
0.67 
3.39 
6.83 
1.83 
1.26 
1.26 
3.83 
2.07 
6.72 
2.16 
6.25 
1.85 
5.09 
0.29 
0.20 
0.38 
0.47 
3.20 
2.32 
1.68 
1.13 
2.43 
1.00 
0.73 
3.44 
3.92 
1.57 
0.64 
0.01 
0.89 
2.43 
1.37 
1.66 
5.88 
2.07 
0.62 
2.73 
1.44 
3.09 
2.12 
0.14 
1.28 
0.91 
2.07 
0.12 
0.20 
0.07 
0.09 
2.47 
0.67 
0.03 
1.88 
0.31 
0.38 
0.75 
0.14 
0.07 
3.00 
1.11 
0.67 
2.38 
1.04 
6.54 
0.18 
1.88 
0.25 
1.35 
0.69 
3.61 
0.42 
0.18 
0.62 
2.32 
5.13 
3.04 
0.03 
1.19 
0.27 
4.23 
2.40 
1.48 
2.91 
0.20 
0.01 
7.88 
0.20 
2.03 
2.51 
0.91 
0.89 
2.54 
5.29 
1.44 
1.90 
0.97 
0.51 
0.23 
1.04 
0.78 
0.51 
1.61 
0.20 
0.29 
0.01 
0.12 
3.94 
2.25 
2.87 
0.36 
2.60 
1.85 
2.45 
6.54 
0.20 
0.62 
0.07 
1.70 
3.68 
4.65 
4.85 
5.40 
3.46 
1.50 
6.30 
0.56 
0.01 
5.57 
3.02 
0.93 
3.75 
1.66 
0.09 
0.40 
1.96 
0.18 
2.69 
4.01 
1.96 
1.24 
0.67 
1.33 
3.22 
0.12 
0.69 
1.22 
2.87 
0.42 
0.20 
4.25 
0.62 
4.89 
1.04 
1.48 
3.48 
3.68 
0.14 
0.84 
0.05 
2.76 
0.18 
1.77 
0.45 
5.18 
1.77 
0.47 
1.74 
0.34 
0.64 
1.59 
0.34 
0.62 
0.20 
1.22 
1.72 
2.40 
0.40 
0.25 
1.08 
0.20 
1.55 
2.56 
0.84 
0.89 
1.37 
2.78 
1.63 
2.29 
0.95 
1.88 
3.39 
0.03 
3.37 
1.08 
0.80 
2.34 
0.03 
0.97 
0.91 
0.16 
5.84 
6.17 
1.83 
1.44 
0.75 
0.51 
0.67 
2.60 
2.45 
3.33 
6.54 
1.39 
5.40 
0.82 
0.62 
1.13 
0.62 
0.03 
0.62 
1.79 
5.84 
0.29 
1.11 
2.01 
2.12 
0.64 
1.61 
0.93 
3.68 
1.39 
1.46 
2.25 
2.36 
3.83 
1.11 
1.81 
7.77 
0.45 
0.05 
0.80 
4.96 
6.19 
0.03 
1.11 
0.38 
0.20 
2.73 
1.92 
0.38 
3.15 
3.06 
1.04 
2.58 
1.66 
0.75 
0.47 
1.28 
0.12 
2.69 
5.55 
0.89 
0.49 
1.81 
1.66 
3.06 
0.47 
0.05 
5.02 
0.42 
0.23 
1.92 
0.36 
4.96 
1.30 
0.31 
0.62 
0.16 
1.94 
1.79 
0.14 
1.33 
0.56 
0.07 
0.95 
1.39 
0.14 
2.18 
0.09 
1.44 
4.47 
3.24 
3.46 
1.52 
2.65 
2.27 
3.02 
3.99 
0.05 
0.47 
1.85 
0.69 
0.56 
0.80 
1.37 
3.02 
1.77 
0.07 
0.91 
1.30 
7.05 
0.20 
0.53 
4.65 
2.16 
0.53 
0.93 
0.84 
1.59 
1.77 
0.31 
2.47 
3.75 
0.49 
1.52 
0.69 
1.00 
2.05 
3.00 
1.11 
3.04 
0.58 
3.11 
0.07 
4.01 
0.58 
2.67 
1.63 
1.74 
0.01 
0.01 
0.18 
7.77 
0.29 
0.34 
0.45 
2.91 
0.93 
5.35 
0.78 
5.55 
2.29 
0.23 
0.36 
0.62 
0.91 
0.31 
0.62 
0.16 
2.29 
0.16 
0.64 
1.50 
0.03 
2.84 
1.50 
1.96 
2.03 
0.34 
1.11 
3.88 
0.47 
1.06 
0.64 
2.32 
0.95 
0.97 
1.39 
0.86 
5.70 
3.35 
0.01 
3.22 
0.47 
0.18 
3.39 
6.19 
3.26 
2.36 
1.57 
1.33 
1.17 
1.68 
4.03 
1.66 
0.34 
1.33 
0.01 
0.01 
4.78 
0.09 
2.32 
1.39 
0.51 
0.97 
0.78 
0.64 
1.00 
3.24 
0.07 
1.37 
2.01 
1.88 
2.87 
2.01 
0.71 
6.23 
7.33 
0.84 
5.02 
4.96 
4.71 
7.16 
2.67 
7.75 
0.75 
1.15 
0.14 
2.87 
0.53 
3.35 
0.12 
0.23 
6.03 
0.18 
1.99 
4.30 
3.70 
4.38 
2.40 
3.61 
4.98 
1.85 
6.74 
6.23 
3.50 
2.14 
5.79 
2.27 
2.93 
0.03 
0.03 
0.47 
4.43 
2.18 
6.30 
6.32 
4.74 
7.24 
1.24 
5.33 
0.03 
0.82 
1.33 
6.14 
1.55 
1.35 
5.73 
5.95 
5.42 
0.29 
7.51 
5.20 
1.44 
6.23 
0.07 
0.97 
1.33 
2.25 
0.29 
7.93 
4.08 
5.11 
2.07 
0.38 
5.07 
6.39 
4.91 
5.09 
1.33 
1.46 
6.39 
2.69 
0.89 
7.86 
7.42 
5.46 
3.04 
0.84 
4.19 
2.38 
0.51 
1.02 
0.16 
3.04 
5.81 
5.00 
2.21 
1.17 
0.51 
2.16 
1.48 
1.00 
4.85 
7.31 
0.09 
7.84 
1.90 
2.07 
0.31 
3.57 
5.84 
0.45 
0.95 
5.95 
1.28 
6.89 
3.97 
2.25 
2.89 
0.01 
5.66 
2.07 
3.46 
4.30 
7.73 
3.24 
7.71 
0.69 
6.34 
3.17 
6.94 
5.24 
4.38 
6.52 
6.34 
0.80 
5.20 
3.88 
0.82 
4.32 
0.69 
3.77 
5.68 
0.71 
1.37 
1.94 
0.47 
2.18 
1.28 
0.93 
1.22 
0.75 
2.12 
1.59 
0.60 
0.53 
0.18 
2.36 
6.01 
0.75 
0.31 
0.14 
0.69 
2.93 
0.93 
1.35 
0.25 
2.62 
4.63 
1.92 
3.06 
0.89 
0.86 
0.47 
0.16 
2.56 
1.37 
1.00 
1.22 
0.62 
1.99 
1.57 
0.86 
2.89 
1.74 
0.07 
7.55 
1.83 
2.76 
3.79 
0.20 
1.19 
1.46 
1.74 
0.42 
0.80 
1.08 
0.14 
0.20 
1.57 
1.90 
4.21 
0.05 
1.33 
0.36 
1.44 
2.87 
1.26 
1.52 
1.26 
1.22 
2.40 
0.18 
1.77 
1.11 
1.08 
1.08 
3.13 
2.80 
1.59 
1.46 
1.00 
5.75 
0.20 
6.96 
1.66 
1.63 
0.14 
0.05 
1.22 
1.72 
2.10 
5.02 
1.02 
0.71 
5.11 
1.08 
2.03 
0.80 
1.02 
2.71 
0.47 
0.27 
2.69 
0.07 
5.13 
0.78 
0.47 
0.29 
0.05 
1.22 
4.54 
0.12 
1.00 
0.56 
5.66 
1.61 
0.31 
2.69 
2.32 
1.96 
1.72 
6.50 
6.98 
0.84 
0.18 
2.25 
1.96 
0.40 
2.67 
0.69 
4.12 
1.70 
1.85 
1.59 
2.89 
4.41 
1.39 
4.03 
4.38 
0.78 
0.12 
0.78 
1.83 
0.18 
2.40 
3.39 
2.23 
3.33 
0.47 
1.92 
2.71 
1.44 
1.90 
0.05 
7.90 
0.09 
3.31 
1.37 
0.80 
1.92 
5.95 
0.07 
3.26 
0.69 
0.12 
1.96 
0.58 
0.71 
0.34 
5.77 
0.78 
1.41 
5.31 
0.03 
0.27 
1.35 
5.20 
2.78 
0.42 
1.44 
3.35 
0.01 
0.49 
4.54 
0.09 
0.14 
0.73 
1.99 
0.49 
0.03 
7.71 
7.31 
0.62 
5.48 
0.58 
0.45 
4.08 
0.27 
0.80 
0.95 
2.62 
1.22 
1.13 
4.65 
0.64 
5.95 
1.04 
1.39 
1.17 
0.03 
2.80 
0.60 
0.95 
4.78 
1.19 
0.64 
3.70 
0.91 
0.03 
1.15 
2.36 
0.12 
0.12 
5.20 
0.29 
7.86 
0.01 
0.40 
0.36 
0.20 
7.51 
1.59 
7.07 
3.06 
0.34 
1.39 
0.89 
0.67 
1.66 
2.87 
0.80 
2.34 
0.47 
0.49 
1.55 
1.68 
0.36 
2.62 
1.06 
2.07 
3.04 
0.60 
0.25 
1.55 
1.66 
2.43 
4.60 
0.58 
0.47 
2.60 
0.36 
2.51 
7.22 
3.24 
0.23 
1.50 
1.26 
0.93 
4.10 
2.32 
1.35 
0.18 
6.47 
0.20 
1.17 
1.19 
1.63 
0.01 
2.05 
1.08 
3.70 
0.49 
0.89 
0.14 
2.76 
1.19 
0.18 
3.79 
2.62 
3.77 
2.60 
2.87 
0.56 
1.85 
0.64 
4.56 
7.86 
0.56 
1.48 
0.86 
2.03 
1.24 
7.60 
0.49 
3.02 
1.00 
1.33 
0.86 
0.01 
0.27 
0.05 
1.85 
0.47 
1.92 
0.53 
1.88 
1.46 
2.51 
0.49 
0.91 
0.75 
0.14 
1.92 
1.39 
1.08 
1.44 
3.57 
1.15 
0.07 
0.38 
0.71 
0.01 
4.12 
0.84 
1.92 
0.36 
2.95 
0.80 
5.11 
1.72 
1.06 
0.07 
3.04 
0.01 
3.17 
0.69 
1.48 
2.47 
0.51 
0.34 
5.40 
2.73 
0.73 
6.25 
5.90 
1.37 
0.97 
0.36 
2.45 
1.81 
0.51 
0.23 
1.26 
4.01 
0.16 
1.30 
0.42 
2.34 
2.43 
0.01 
1.94 
0.29 
0.29 
1.06 
0.75 
1.17 
1.19 
0.31 
0.20 
1.37 
2.43 
2.29 
6.67 
0.80 
2.43 
1.79 
3.33 
6.03 
0.01 
3.70 
0.97 
1.74 
2.05 
0.58 
0.03 
0.40 
2.16 
0.75 
6.61 
2.10 
4.01 
0.20 
0.25 
0.12 
0.07 
1.50 
1.33 
1.19 
0.78 
7.00 
0.58 
0.40 
5.55 
1.88 
0.16 
1.00 
3.17 
2.73 
0.64 
0.97 
3.50 
2.76 
0.42 
2.69 
1.48 
4.38 
5.18 
1.26 
0.42 
2.71 
1.00 
2.21 
1.02 
1.57 
0.14 
1.94 
4.82 
0.14 
6.03 
0.58 
0.03 
2.76 
0.84 
2.01 
2.71 
2.62 
2.12 
1.61 
0.25 
2.87 
0.38 
0.67 
0.34 
0.16 
0.71 
0.34 
0.01 
3.72 
1.06 
3.33 
1.28 
6.30 
0.14 
1.44 
0.53 
0.47 
3.99 
1.83 
0.95 
2.16 
2.29 
1.52 
0.64 
0.38 
1.52 
0.31 
1.26 
3.09 
1.57 
1.15 
0.31 
6.47 
0.12 
2.65 
4.91 
0.23 
0.27 
0.05 
1.90 
0.47 
3.28 
6.67 
3.26 
0.27 
0.53 
1.57 
2.54 
0.01 
0.14 
0.40 
0.78 
1.22 
0.45 
1.26 
1.99 
0.73 
5.09 
0.01 
0.73 
0.84 
2.34 
1.94 
3.48 
0.51 
1.11 
1.48 
1.04 
0.97 
0.03 
0.27 
0.75 
1.52 
0.62 
2.54 
1.11 
3.86 
1.28 
0.16 
0.64 
2.34 
5.66 
2.05 
0.38 
1.15 
4.03 
3.90 
1.79 
2.14 
0.80 
4.74 
1.66 
0.01 
0.25 
4.08 
0.27 
0.07 
0.03 
3.53 
1.96 
0.01 
1.35 
1.19 
0.78 
6.80 
0.78 
0.56 
0.07 
3.22 
1.24 
0.14 
1.15 
1.68 
2.93 
0.51 
1.39 
0.01 
1.06 
1.72 
0.03 
3.83 
0.03 
3.75 
0.51 
7.51 
0.31 
2.51 
0.25 
3.15 
1.19 
1.79 
2.78 
1.68 
2.25 
0.01 
1.81 
0.29 
0.42 
1.04 
3.17 
1.26 
1.37 
2.54 
1.11 
0.91 
4.63 
0.05 
0.47 
0.86 
0.05 
2.58 
1.96 
0.73 
0.18 
2.67 
0.09 
0.36 
0.20 
1.44 
3.06 
0.09 
0.82 
0.71 
0.53 
2.98 
1.81 
4.25 
4.08 
2.67 
3.46 
1.57 
0.69 
4.23 
3.13 
2.36 
1.96 
0.23 
4.30 
0.47 
2.29 
1.92 
0.05 
0.40 
5.04 
1.37 
0.34 
3.37 
0.05 
2.98 
3.13 
0.18 
4.27 
1.17 
0.38 
0.82 
1.94 
7.16 
2.40 
3.02 
0.18 
3.83 
1.39 
0.45 
0.56 
0.16 
2.25 
0.25 
2.51 
4.43 
1.04 
0.18 
7.46 
2.73 
0.01 
1.30 
0.49 
0.07 
1.72 
2.67 
1.17 
1.46 
0.34 
1.48 
0.91 
0.38 
5.00 
1.33 
0.01 
1.11 
0.84 
2.34 
0.38 
0.34 
3.50 
1.70 
0.31 
1.52 
1.28 
0.38 
0.95 
0.34 
1.63 
2.56 
4.54 
2.07 
0.38 
5.55 
2.14 
3.24 
1.39 
0.53 
1.35 
0.05 
3.09 
1.55 
2.05 
0.73 
4.32 
2.67 
0.07 
0.71 
1.22 
4.12 
1.35 
5.24 
0.64 
1.02 
3.00 
5.97 
0.53 
0.09 
1.00 
0.31 
1.37 
3.20 
2.12 
4.96 
1.11 
2.80 
0.27 
1.35 
1.00 
3.99 
0.75 
0.40 
3.31 
6.03 
4.63 
4.45 
1.70 
0.18 
0.80 
0.09 
1.30 
0.42 
2.73 
7.88 
2.54 
1.30 
1.26 
2.43 
0.14 
0.51 
1.66 
0.09 
0.40 
6.06 
2.95 
0.62 
1.70 
2.18 
0.38 
0.42 
7.20 
1.35 
1.15 
0.69 
2.03 
0.47 
5.00 
0.40 
0.58 
1.70 
0.31 
1.50 
0.51 
0.78 
6.67 
0.01 
1.63 
0.36 
3.68 
0.56 
0.18 
0.45 
1.26 
0.71 
0.03 
0.01 
0.25 
1.15 
2.38 
1.90 
0.09 
4.14 
5.84 
0.73 
0.29 
2.67 
1.46 
3.72 
0.82 
0.89 
1.00 
0.14 
2.87 
0.80 
1.37 
0.25 
3.17 
2.65 
0.89 
2.78 
4.78 
1.50 
2.54 
3.59 
0.18 
0.93 
0.36 
0.82 
3.24 
0.97 
1.77 
2.05 
1.19 
1.83 
3.68 
2.05 
2.80 
1.85 
2.89 
0.60 
0.82 
0.36 
1.55 
2.45 
1.19 
0.05 
1.24 
1.66 
3.94 
0.62 
2.69 
0.86 
1.00 
1.00 
3.70 
6.89 
0.82 
5.15 
2.12 
0.05 
0.40 
1.52 
3.79 
2.38 
0.31 
0.45 
0.71 
0.01 
0.56 
0.14 
1.33 
1.41 
1.88 
2.14 
0.27 
1.83 
0.07 
0.69 
1.13 
0.86 
6.89 
0.97 
0.69 
1.63 
2.23 
0.31 
0.47 
3.37 
0.73 
2.32 
1.81 
7.33 
2.71 
0.95 
4.56 
1.15 
1.04 
1.63 
5.00 
0.64 
0.12 
0.34 
0.05 
0.58 
0.40 
2.78 
4.52 
0.18 
0.12 
1.11 
0.38 
1.83 
2.01 
0.89 
0.71 
5.02 
3.15 
6.85 
2.40 
0.09 
0.69 
5.53 
0.51 
0.36 
2.07 
0.18 
0.07 
0.34 
1.19 
1.08 
0.27 
1.48 
2.84 
4.52 
1.83 
0.12 
6.78 
0.09 
0.71 
1.85 
0.29 
2.23 
0.07 
3.66 
3.33 
2.47 
4.63 
0.40 
0.71 
4.27 
0.78 
1.81 
0.78 
0.03 
1.33 
0.09 
1.46 
1.15 
1.68 
0.12 
0.07 
0.53 
0.36 
1.77 
2.05 
0.82 
1.52 
1.88 
0.27 
7.51 
0.73 
1.04 
1.13 
1.26 
5.95 
0.82 
4.25 
4.45 
2.05 
2.56 
0.71 
1.28 
0.58 
5.44 
2.16 
1.68 
1.79 
5.44 
0.56 
2.10 
1.13 
5.95 
0.45 
2.78 
0.67 
2.10 
0.80 
1.37 
0.93 
3.02 
3.77 
0.05 
1.13 
6.14 
0.12 
0.03 
0.49 
0.69 
0.29 
0.23 
1.44 
4.30 
1.55 
1.30 
2.82 
0.95 
0.16 
4.87 
1.06 
0.60 
1.06 
0.09 
1.33 
1.28 
0.03 
0.89 
5.48 
0.14 
0.27 
1.83 
3.13 
2.25 
0.23 
3.02 
1.66 
0.25 
1.88 
0.16 
3.26 
2.60 
3.02 
3.13 
2.98 
2.36 
3.31 
1.11 
0.34 
3.09 
0.25 
0.42 
1.59 
1.92 
1.90 
0.36 
0.71 
0.09 
1.02 
4.54 
0.49 
3.61 
2.95 
0.09 
2.27 
0.95 
1.72 
2.40 
1.99 
5.13 
2.56 
1.26 
1.70 
2.62 
0.80 
0.78 
0.36 
1.17 
4.54 
0.58 
0.38 
1.44 
2.38 
7.44 
1.24 
0.34 
7.55 
5.81 
0.42 
0.51 
3.88 
3.04 
3.59 
1.22 
0.51 
0.86 
2.49 
1.41 
2.16 
2.10 
2.21 
2.80 
6.94 
0.27 
0.12 
0.34 
0.27 
3.44 
0.31 
0.56 
0.09 
1.02 
4.32 
0.58 
0.25 
2.01 
0.58 
3.94 
2.98 
0.27 
2.45 
1.63 
0.40 
3.15 
4.98 
3.61 
0.34 
3.33 
0.49 
0.05 
0.14 
0.51 
0.60 
1.79 
3.26 
1.04 
0.91 
1.17 
2.03 
4.49 
1.77 
4.32 
0.95 
0.62 
1.00 
1.37 
3.00 
7.57 
2.23 
0.78 
0.47 
3.09 
5.31 
2.01 
0.80 
0.23 
0.58 
3.90 
0.16 
1.52 
6.32 
2.67 
1.72 
5.24 
1.66 
0.86 
0.80 
0.89 
1.35 
3.15 
2.54 
0.49 
0.86 
0.31 
3.68 
1.37 
4.91 
0.12 
6.12 
0.09 
0.56 
0.34 
0.25 
0.12 
0.93 
4.96 
2.21 
2.01 
0.05 
0.38 
2.27 
2.69 
2.10 
0.29 
3.64 
0.01 
0.40 
0.18 
7.66 
1.00 
4.76 
3.79 
4.56 
1.35 
0.31 
0.01 
5.84 
1.90 
0.56 
2.03 
0.89 
4.93 
3.94 
0.62 
2.38 
7.55 
2.43 
0.34 
3.72 
3.42 
0.67 
4.41 
2.80 
1.99 
0.40 
2.12 
0.47 
7.33 
1.61 
2.36 
0.78 
0.64 
1.00 
1.11 
1.15 
0.05 
0.95 
0.34 
0.51 
3.46 
0.58 
5.64 
0.36 
1.88 
0.45 
0.67 
3.64 
0.58 
2.60 
2.27 
1.63 
4.80 
2.16 
3.53 
0.91 
0.16 
2.32 
0.47 
2.87 
0.67 
2.05 
1.00 
4.60 
0.14 
4.16 
0.12 
0.60 
1.35 
0.03 
0.38 
0.60 
4.74 
1.79 
0.16 
2.29 
4.19 
1.83 
0.91 
1.17 
5.68 
0.18 
2.78 
2.65 
0.47 
4.65 
0.73 
2.23 
2.60 
3.86 
0.53 
0.20 
0.09 
1.92 
3.79 
1.52 
0.51 
1.39 
0.12 
0.84 
0.31 
0.07 
2.03 
0.40 
0.45 
0.71 
1.61 
2.01 
0.03 
0.27 
1.39 
3.42 
2.84 
0.67 
1.04 
0.69 
0.20 
0.71 
1.55 
5.37 
1.30 
2.14 
1.00 
3.33 
2.49 
0.05 
0.60 
0.73 
5.15 
2.49 
0.14 
0.80 
1.02 
1.48 
4.27 
2.07 
1.46 
0.01 
0.09 
1.46 
3.92 
1.04 
0.47 
0.07 
1.08 
5.09 
0.95 
0.84 
0.95 
2.65 
4.65 
6.69 
1.22 
1.02 
4.30 
2.43 
0.80 
1.06 
1.06 
0.01 
0.25 
1.77 
1.72 
1.17 
2.03 
0.93 
3.90 
2.49 
2.51 
1.11 
6.21 
0.84 
5.79 
0.80 
1.88 
0.01 
1.24 
4.05 
1.28 
0.20 
2.60 
0.29 
0.60 
2.29 
0.62 
0.05 
1.17 
2.49 
1.94 
3.79 
0.25 
0.84 
1.68 
0.89 
1.28 
0.07 
0.42 
0.93 
2.29 
1.04 
0.60 
5.07 
0.16 
0.23 
3.44 
0.09 
2.40 
1.26 
0.53 
1.17 
0.80 
0.01 
3.83 
1.57 
3.55 
2.98 
0.31 
4.52 
0.91 
0.93 
0.20 
2.23 
0.23 
1.63 
1.13 
0.29 
3.72 
1.96 
0.38 
2.87 
5.57 
5.62 
4.16 
5.64 
1.26 
3.77 
0.20 
1.37 
0.18 
2.29 
0.73 
5.79 
0.49 
0.34 
1.17 
1.68 
1.02 
0.31 
0.71 
2.05 
5.00 
3.33 
0.23 
0.20 
4.43 
2.56 
2.78 
1.00 
4.89 
3.50 
4.89 
1.66 
3.75 
2.25 
0.29 
3.90 
1.02 
0.34 
0.36 
1.24 
1.24 
2.16 
1.08 
0.95 
0.53 
0.14 
1.50 
2.45 
0.12 
1.99 
0.31 
0.69 
0.18 
1.61 
0.84 
4.12 
2.05 
4.47 
0.58 
0.42 
0.20 
0.25 
1.41 
3.59 
0.89 
0.95 
7.35 
0.51 
1.88 
6.06 
1.50 
0.64 
4.52 
0.75 
0.05 
0.78 
7.46 
6.21 
0.75 
1.88 
1.17 
0.58 
5.07 
0.07 
2.49 
0.51 
0.05 
2.45 
2.43 
0.16 
1.55 
0.82 
2.47 
0.89 
7.42 
1.55 
0.82 
2.76 
5.00 
6.56 
1.55 
1.85 
7.29 
1.99 
2.05 
0.56 
1.90 
6.96 
3.83 
0.27 
5.90 
1.13 
0.01 
0.29 
0.07 
1.11 
0.56 
5.00 
1.24 
4.27 
0.86 
2.27 
0.75 
3.81 
1.55 
3.57 
1.66 
0.71 
7.57 
0.05 
1.92 
4.58 
1.39 
0.56 
2.25 
5.88 
2.65 
3.28 
1.33 
6.30 
0.29 
1.30 
1.41 
2.60 
4.30 
0.36 
0.67 
1.66 
0.49 
4.63 
1.04 
2.91 
2.34 
0.47 
3.94 
0.18 
2.32 
1.00 
0.03 
0.42 
3.81 
1.66 
2.60 
0.38 
0.95 
3.37 
2.21 
0.25 
1.77 
1.83 
0.05 
6.06 
2.27 
0.05 
1.85 
2.38 
1.68 
0.12 
2.78 
2.23 
0.29 
1.88 
0.42 
0.58 
1.48 
2.80 
1.04 
3.53 
0.07 
0.89 
0.86 
0.86 
0.18 
0.12 
0.58 
1.79 
3.20 
1.06 
0.84 
1.81 
4.87 
0.05 
2.76 
1.15 
1.50 
7.29 
0.49 
2.76 
2.47 
2.73 
1.79 
0.51 
0.60 
0.97 
3.64 
0.25 
0.34 
3.46 
0.62 
2.82 
0.25 
0.49 
0.40 
0.49 
1.15 
0.38 
2.49 
0.34 
0.03 
3.39 
4.67 
3.97 
3.59 
3.59 
3.09 
4.41 
0.07 
1.35 
0.03 
1.04 
1.94 
0.16 
1.24 
1.24 
1.48 
0.58 
1.50 
1.13 
2.51 
6.58 
0.82 
1.13 
0.82 
0.97 
0.03 
0.82 
4.12 
0.56 
1.63 
6.21 
5.97 
1.94 
0.27 
1.48 
3.68 
1.83 
1.85 
1.22 
2.25 
0.16 
1.55 
0.51 
1.96 
2.16 
1.61 
0.91 
0.89 
0.93 
5.79 
1.55 
5.07 
0.20 
0.45 
1.57 
3.31 
0.58 
2.60 
2.45 
1.55 
4.71 
5.33 
0.25 
1.55 
2.01 
1.11 
1.33 
2.87 
1.11 
0.91 
3.79 
0.62 
0.56 
0.71 
3.53 
2.03 
0.58 
2.34 
2.12 
0.20 
1.37 
0.56 
1.00 
1.68 
1.48 
0.53 
2.03 
3.50 
1.19 
0.53 
2.93 
1.66 
0.34 
0.27 
0.36 
2.98 
3.72 
1.15 
1.61 
3.64 
0.03 
0.42 
0.07 
2.67 
1.92 
0.78 
1.99 
0.34 
0.36 
1.22 
0.95 
1.81 
0.56 
1.55 
1.06 
2.05 
4.60 
0.51 
2.73 
5.11 
1.08 
0.36 
2.58 
0.95 
0.31 
0.84 
3.70 
0.16 
2.67 
0.05 
4.14 
2.69 
2.16 
1.68 
2.98 
0.45 
1.70 
1.55 
1.00 
1.81 
1.66 
3.06 
1.04 
0.18 
0.95 
1.26 
0.53 
0.18 
0.62 
0.45 
1.04 
5.48 
5.11 
3.55 
6.83 
1.30 
3.68 
1.37 
2.47 
3.28 
1.37 
5.04 
2.05 
0.42 
4.49 
1.30 
0.34 
0.82 
0.36 
0.80 
0.84 
0.45 
3.24 
0.84 
0.86 
0.95 
2.34 
0.58 
0.03 
3.15 
0.05 
2.45 
4.74 
0.01 
2.03 
1.92 
0.84 
1.17 
1.59 
3.39 
3.11 
3.66 
4.34 
3.09 
0.31 
0.31 
3.53 
1.61 
0.27 
0.51 
0.71 
1.24 
1.08 
0.40 
3.13 
0.80 
3.48 
3.42 
1.88 
0.03 
2.56 
0.31 
3.00 
1.35 
3.13 
2.62 
0.73 
0.75 
0.62 
0.51 
0.25 
0.86 
3.39 
0.49 
0.18 
3.31 
4.25 
0.51 
0.53 
1.04 
0.60 
2.21 
0.09 
0.51 
2.18 
0.38 
1.04 
1.04 
0.47 
1.57 
0.03 
0.40 
0.60 
1.94 
2.05 
1.37 
3.26 
3.92 
6.17 
3.00 
5.07 
5.31 
1.30 
1.70 
0.64 
1.24 
0.34 
0.45 
0.16 
0.07 
1.88 
3.02 
0.38 
2.27 
2.12 
3.59 
0.73 
4.82 
0.07 
5.20 
1.11 
1.37 
0.64 
1.33 
0.29 
0.49 
0.93 
2.76 
1.52 
1.52 
0.82 
1.50 
1.61 
2.71 
1.48 
6.63 
0.12 
2.23 
0.27 
2.78 
2.43 
2.38 
0.45 
0.64 
1.11 
0.53 
0.36 
1.06 
2.95 
0.12 
2.40 
7.27 
0.34 
1.63 
0.45 
0.47 
1.00 
6.69 
1.79 
0.56 
4.12 
1.35 
0.01 
0.42 
1.68 
2.07 
1.48 
0.40 
0.42 
0.16 
2.47 
0.34 
0.42 
0.91 
5.22 
3.66 
0.14 
4.38 
1.94 
0.07 
5.40 
4.10 
1.44 
2.60 
0.47 
0.67 
0.29 
0.29 
1.39 
0.64 
2.05 
2.36 
1.00 
1.04 
1.13 
2.43 
0.29 
0.95 
2.23 
0.40 
0.82 
1.15 
0.18 
0.42 
0.20 
0.09 
0.27 
1.55 
0.36 
0.29 
4.41 
2.98 
5.09 
0.27 
2.71 
0.18 
0.67 
1.37 
2.89 
3.35 
4.34 
1.83 
3.37 
2.29 
2.93 
0.73 
0.86 
1.96 
0.71 
0.62 
5.35 
0.58 
0.58 
2.87 
5.88 
1.06 
0.29 
0.23 
3.37 
1.35 
0.12 
0.84 
1.79 
3.20 
0.89 
3.61 
3.04 
4.54 
0.14 
1.15 
1.59 
3.48 
0.71 
0.38 
3.24 
0.29 
3.02 
0.34 
4.23 
0.01 
0.29 
1.79 
3.28 
0.40 
0.25 
1.68 
1.81 
4.58 
7.18 
0.42 
1.41 
3.44 
2.54 
1.55 
0.01 
1.37 
2.05 
1.33 
1.35 
1.37 
0.75 
0.05 
2.60 
0.42 
2.40 
2.05 
3.31 
4.08 
1.52 
2.01 
1.28 
1.39 
2.12 
0.01 
0.25 
1.50 
0.03 
0.53 
0.01 
0.49 
0.18 
1.13 
0.09 
0.16 
3.75 
2.45 
2.23 
1.24 
0.58 
1.41 
5.55 
1.22 
2.23 
0.62 
7.73 
1.46 
0.12 
0.01 
0.69 
0.29 
4.93 
2.25 
0.01 
2.84 
1.59 
1.19 
0.03 
0.45 
3.15 
4.05 
3.99 
2.14 
1.06 
1.33 
2.38 
0.58 
1.19 
1.55 
0.71 
0.49 
0.82 
0.36 
1.13 
1.28 
0.49 
0.40 
0.51 
4.65 
0.01 
3.31 
2.65 
0.84 
0.16 
1.11 
7.33 
5.07 
1.48 
0.49 
2.07 
0.80 
0.18 
4.96 
0.23 
5.33 
1.06 
1.46 
0.62 
2.23 
0.93 
1.57 
0.16 
0.73 
1.11 
2.05 
6.06 
2.32 
1.30 
2.73 
1.26 
2.43 
2.36 
0.75 
0.05 
0.84 
2.29 
2.71 
0.49 
1.79 
1.55 
0.64 
0.51 
0.16 
0.84 
0.62 
2.43 
3.75 
0.67 
2.98 
4.49 
4.93 
3.57 
2.38 
1.88 
2.01 
0.31 
0.42 
4.60 
7.90 
0.71 
2.71 
0.23 
1.39 
1.46 
4.58 
2.21 
0.62 
0.58 
2.40 
0.23 
2.14 
0.49 
1.85 
0.16 
1.52 
0.89 
1.81 
1.04 
2.69 
1.52 
4.63 
2.38 
2.29 
0.20 
1.94 
1.83 
1.04 
2.07 
1.55 
3.20 
1.15 
6.69 
3.48 
2.03 
0.38 
0.47 
3.77 
1.26 
0.67 
0.25 
1.17 
0.60 
0.67 
1.57 
0.05 
2.76 
0.38 
1.61 
3.33 
2.12 
1.92 
0.14 
0.53 
0.91 
5.53 
1.88 
0.91 
0.69 
2.25 
1.59 
6.41 
2.12 
3.97 
1.70 
0.25 
0.86 
0.23 
1.19 
2.89 
0.09 
1.88 
0.91 
0.12 
2.25 
0.64 
6.10 
1.19 
0.12 
4.47 
5.95 
0.25 
5.70 
6.89 
0.58 
5.70 
0.67 
2.51 
4.23 
2.03 
1.79 
1.28 
0.93 
0.62 
0.14 
0.80 
4.32 
3.02 
1.26 
0.38 
0.05 
1.13 
1.26 
0.16 
1.59 
2.98 
1.11 
0.62 
0.12 
2.65 
2.91 
1.24 
0.64 
2.18 
1.46 
1.26 
3.22 
4.89 
1.70 
5.99 
0.05 
1.33 
1.39 
7.71 
4.14 
1.57 
0.34 
0.31 
1.92 
2.12 
0.14 
0.91 
0.29 
0.97 
3.02 
2.23 
1.41 
6.23 
0.82 
1.55 
2.23 
1.30 
1.11 
0.18 
0.51 
0.03 
0.16 
1.55 
2.60 
0.01 
0.23 
0.95 
0.42 
5.55 
4.47 
0.89 
0.07 
4.47 
0.38 
0.38 
1.22 
1.55 
2.84 
6.85 
0.49 
5.51 
0.12 
0.86 
1.08 
2.18 
1.11 
0.34 
1.77 
0.62 
5.44 
3.13 
1.44 
1.77 
5.90 
2.32 
1.22 
7.49 
0.27 
1.96 
0.60 
0.34 
2.62 
0.34 
0.18 
4.10 
1.02 
0.38 
1.37 
0.42 
3.42 
0.73 
1.17 
1.55 
4.30 
0.69 
1.59 
0.89 
0.03 
0.38 
0.03 
6.58 
2.34 
1.99 
5.73 
2.49 
1.04 
3.13 
1.94 
4.60 
0.27 
0.75 
0.95 
0.67 
4.93 
6.54 
2.10 
0.60 
1.26 
1.11 
3.99 
2.87 
0.34 
0.36 
0.58 
5.95 
0.23 
0.51 
1.48 
1.96 
1.50 
0.56 
1.57 
3.48 
0.14 
0.01 
2.95 
1.22 
0.80 
7.38 
2.73 
1.88 
0.12 
3.39 
0.29 
2.49 
1.44 
5.09 
1.81 
0.62 
0.07 
2.95 
2.07 
0.03 
0.20 
0.80 
1.26 
2.43 
6.06 
0.01 
6.12 
0.97 
7.49 
3.37 
4.03 
3.79 
2.56 
5.48 
0.60 
6.21 
4.63 
3.53 
6.14 
6.76 
4.60 
0.73 
3.55 
0.25 
6.39 
1.13 
0.01 
2.95 
0.25 
0.31 
1.99 
2.89 
3.48 
2.58 
3.06 
0.18 
0.01 
0.27 
0.69 
0.23 
3.53 
0.91 
0.86 
0.27 
0.29 
0.23 
0.64 
1.92 
0.03 
1.70 
5.73 
3.28 
1.00 
0.47 
2.23 
3.20 
0.09 
1.24 
1.22 
0.84 
2.05 
5.09 
1.72 
0.31 
3.31 
2.18 
0.36 
0.31 
0.84 
0.03 
2.62 
1.59 
0.16 
1.19 
0.67 
2.45 
1.17 
0.69 
6.32 
6.56 
2.07 
1.17 
2.71 
1.35 
0.16 
0.03 
2.05 
4.69 
1.17 
6.58 
3.57 
0.75 
3.26 
2.16 
2.18 
1.57 
5.42 
1.30 
0.67 
1.90 
1.30 
2.14 
0.97 
3.46 
0.01 
0.01 
4.58 
0.01 
4.12 
0.56 
3.04 
1.00 
0.62 
2.32 
0.82 
0.03 
1.61 
2.87 
6.96 
7.79 
3.11 
6.03 
2.05 
4.01 
0.93 
4.10 
1.59 
0.42 
1.00 
2.01 
0.16 
0.34 
1.90 
2.03 
0.29 
0.20 
1.59 
1.11 
0.20 
0.89 
2.54 
1.77 
5.24 
0.36 
0.64 
6.01 
4.71 
3.57 
1.19 
0.05 
0.12 
2.12 
1.06 
0.23 
4.52 
2.71 
1.06 
2.12 
0.09 
3.13 
1.70 
1.57 
1.35 
0.03 
1.63 
0.31 
0.25 
0.64 
2.67 
0.60 
0.82 
0.42 
0.80 
2.36 
1.85 
1.96 
1.55 
2.80 
0.71 
0.27 
1.24 
6.03 
0.29 
1.52 
1.81 
4.14 
0.82 
0.80 
3.86 
3.39 
2.32 
3.86 
0.12 
1.72 
2.49 
6.28 
0.12 
1.92 
0.89 
7.79 
3.88 
0.25 
0.29 
0.34 
4.82 
0.01 
1.74 
1.15 
0.49 
0.78 
0.47 
0.34 
0.93 
0.40 
0.20 
0.09 
0.34 
0.93 
2.18 
1.41 
3.00 
1.88 
2.65 
0.12 
0.95 
6.45 
4.38 
1.11 
4.10 
0.20 
0.31 
0.07 
7.29 
2.21 
1.41 
0.23 
0.05 
3.64 
1.35 
0.31 
0.51 
0.51 
5.55 
4.67 
1.24 
0.73 
4.03 
0.67 
0.82 
0.78 
0.49 
3.90 
1.13 
1.30 
1.90 
7.49 
0.58 
1.72 
2.43 
0.67 
1.79 
1.79 
1.41 
4.67 
2.21 
2.10 
0.29 
0.49 
0.34 
0.09 
1.61 
0.01 
4.69 
0.62 
5.15 
1.50 
0.29 
0.38 
0.07 
1.22 
0.49 
2.71 
1.19 
0.62 
0.67 
2.45 
2.49 
5.18 
7.57 
1.46 
1.02 
0.78 
3.37 
1.26 
0.18 
6.32 
1.88 
4.34 
0.01 
0.53 
1.88 
0.42 
1.48 
1.11 
0.49 
0.47 
1.11 
0.73 
0.71 
7.27 
0.16 
0.71 
7.55 
0.53 
3.37 
2.01 
0.25 
0.69 
0.09 
0.64 
1.88 
0.45 
1.11 
3.55 
5.51 
6.43 
0.34 
2.10 
3.33 
5.22 
0.49 
0.07 
2.89 
0.86 
4.10 
3.22 
0.56 
1.11 
3.72 
2.01 
1.46 
0.53 
3.33 
0.05 
0.45 
1.08 
0.67 
1.08 
0.84 
2.65 
0.31 
0.73 
2.23 
1.50 
0.01 
4.41 
0.16 
0.25 
0.07 
1.63 
0.51 
0.47 
0.73 
0.07 
3.79 
0.49 
0.03 
2.14 
1.22 
0.95 
0.67 
0.69 
5.62 
6.80 
5.24 
0.60 
0.34 
0.25 
0.58 
0.34 
4.30 
0.38 
0.36 
0.16 
0.64 
3.39 
5.66 
1.35 
3.02 
0.69 
0.73 
1.28 
1.04 
2.36 
0.31 
0.69 
0.01 
5.42 
2.38 
1.17 
0.12 
2.93 
4.23 
4.01 
0.82 
1.22 
0.38 
2.01 
2.34 
6.52 
4.19 
0.47 
0.27 
0.53 
0.51 
3.61 
1.41 
1.44 
3.68 
3.04 
2.34 
0.58 
0.69 
0.27 
3.39 
1.70 
2.07 
0.84 
2.91 
4.32 
0.47 
1.35 
0.16 
1.57 
2.73 
0.23 
2.71 
2.95 
0.25 
0.82 
3.15 
1.02 
0.16 
0.45 
0.16 
6.61 
1.85 
4.10 
7.13 
0.86 
1.46 
0.29 
1.11 
0.62 
0.62 
2.25 
0.01 
4.49 
1.11 
0.69 
0.34 
2.12 
0.47 
1.04 
1.41 
2.01 
3.24 
4.87 
0.42 
3.64 
0.82 
0.14 
0.67 
1.06 
1.41 
0.07 
3.72 
0.31 
1.08 
0.09 
0.14 
1.04 
0.60 
1.90 
0.67 
1.39 
0.31 
0.05 
3.57 
0.45 
0.73 
6.28 
1.66 
2.40 
0.09 
2.95 
2.69 
0.49 
1.44 
0.84 
0.38 
4.38 
2.29 
1.59 
3.61 
1.33 
2.40 
0.42 
5.09 
0.67 
0.47 
1.48 
2.01 
0.03 
2.05 
5.53 
0.49 
0.12 
5.02 
3.57 
5.22 
1.11 
0.29 
0.67 
0.97 
0.40 
1.59 
5.64 
0.78 
1.70 
1.24 
0.80 
2.27 
0.05 
1.59 
0.78 
1.17 
1.33 
1.30 
4.67 
2.36 
0.86 
0.18 
3.61 
0.51 
0.01 
0.62 
0.60 
0.29 
1.70 
3.17 
0.56 
2.14 
3.15 
1.41 
0.09 
1.59 
2.80 
4.08 
0.14 
0.03 
1.33 
0.14 
0.25 
3.42 
2.05 
0.03 
3.35 
0.03 
3.79 
0.36 
1.61 
0.84 
2.05 
6.30 
5.02 
0.71 
3.68 
2.60 
1.19 
0.95 
0.75 
0.16 
0.82 
2.32 
0.12 
3.44 
3.31 
1.02 
1.35 
5.55 
0.31 
0.53 
2.62 
1.35 
0.73 
0.47 
2.58 
3.35 
3.90 
0.01 
3.77 
1.44 
0.31 
2.12 
0.42 
0.20 
2.25 
1.94 
6.76 
0.93 
0.03 
0.03 
0.23 
1.70 
1.04 
1.90 
0.16 
4.19 
3.46 
0.05 
0.93 
0.31 
4.63 
0.62 
4.85 
1.61 
3.35 
0.27 
4.76 
5.99 
0.23 
0.51 
2.73 
1.41 
1.39 
3.26 
3.64 
1.55 
2.07 
1.63 
5.37 
0.12 
1.68 
0.47 
2.58 
0.34 
1.96 
0.84 
4.16 
2.49 
0.58 
2.98 
0.03 
0.45 
2.38 
3.79 
0.31 
2.78 
1.00 
0.53 
0.78 
1.79 
2.62 
